# Force and moment coefficients
# dragDir               : (1.0000000000000000e+00 0.0000000000000000e+00 0.0000000000000000e+00)
# sideDir               : (0.0000000000000000e+00 1.0000000000000000e+00 0.0000000000000000e+00)
# liftDir               : (0.0000000000000000e+00 0.0000000000000000e+00 1.0000000000000000e+00)
# rollAxis              : (1.0000000000000000e+00 0.0000000000000000e+00 0.0000000000000000e+00)
# pitchAxis             : (0.0000000000000000e+00 1.0000000000000000e+00 0.0000000000000000e+00)
# yawAxis               : (0.0000000000000000e+00 0.0000000000000000e+00 1.0000000000000000e+00)
# magUInf               : 3.8889000000000003e+01
# lRef                  : 2.7861799999999999e+00
# Aref                  : 2.1699999999999999e+00
# CofR                  : (1.4000900000000001e+00 0.0000000000000000e+00 -3.1759999999999999e-01)
#
# Time                  	Cd                      	Cd(f)                   	Cd(r)                   	Cl                      	Cl(f)                   	Cl(r)                   	CmPitch                 	CmRoll                  	CmYaw                   	Cs                      	Cs(f)                   	Cs(r)                   
1                       	1.0633171848648957e+00	5.2488975007326200e-01	5.3842743479163369e-01	-4.1486650841604411e-01	-7.8070721004799462e-02	-3.3679578741124466e-01	1.2936253320322258e-01	-6.7688423591857876e-03	5.3307759536201649e-03	1.2799783911523052e-02	1.1730667909381692e-02	1.0691160021413610e-03
2                       	7.3869280358305911e-01	3.6415672897291163e-01	3.7453607461014748e-01	-4.2985615415194606e-01	-2.0268203182706929e-01	-2.2717412232487680e-01	1.2246045248903752e-02	-5.1896728186179705e-03	2.7112390457241513e-03	1.2621584415013539e-02	9.0220312532309221e-03	3.5995531617826182e-03
3                       	4.3031505025090389e-01	2.1236927713822668e-01	2.1794577311267718e-01	-3.6246477087054352e-01	-2.3390981041830103e-01	-1.2855496045224252e-01	-5.2677424983029263e-02	-2.7882479872252471e-03	1.8323279279533282e-03	6.7508461029564424e-03	5.2077509794315495e-03	1.5430951235248928e-03
4                       	3.0293263774125834e-01	1.5002579886583522e-01	1.5290683887542311e-01	-3.1540286342833801e-01	-2.2669373638182791e-01	-8.8709127046510100e-02	-6.8992304667658905e-02	-1.4405200047939472e-03	2.6888211093860233e-03	2.7257287559539710e-03	4.0516854873630086e-03	-1.3259567314090378e-03
5                       	2.8913770400323408e-01	1.4332948723488548e-01	1.4580821676834863e-01	-3.1370380251213470e-01	-2.2577388119010144e-01	-8.7929921322033228e-02	-6.8921979934034108e-02	-1.2393647667315864e-03	4.2004998407961713e-03	2.0066645796358671e-03	5.2038321306141049e-03	-3.1971675509782386e-03
6                       	3.2610276817823403e-01	1.6099453221588256e-01	1.6510823596235147e-01	-3.5052145773016796e-01	-2.3986362509770184e-01	-1.1065783263246613e-01	-6.4602896232617862e-02	-2.0568518732344606e-03	5.2248468074089626e-03	3.9218735840073835e-03	7.1857835994126543e-03	-3.2639100154052713e-03
7                       	3.7043360623379640e-01	1.8196038162265840e-01	1.8847322461113802e-01	-3.9604566912934597e-01	-2.5670400069868915e-01	-1.3934166843065679e-01	-5.8681166134016187e-02	-3.2564214942398212e-03	5.4337912778739429e-03	6.9176893510308627e-03	8.8926359533893756e-03	-1.9749466023585120e-03
8                       	4.0354943913176999e-01	1.9760390467211572e-01	2.0594553445965427e-01	-4.1835787245332534e-01	-2.6207315493529842e-01	-1.5628471751802692e-01	-5.2894218708635747e-02	-4.1708148937692827e-03	5.0946831072262487e-03	9.0680337286341752e-03	9.6286999715433363e-03	-5.6066624290916091e-04
9                       	4.2430934668836406e-01	2.0756958266488768e-01	2.1673976402347642e-01	-4.0910203167066561e-01	-2.5390406039106411e-01	-1.5519797127960150e-01	-4.9353044555731307e-02	-4.5850906792943742e-03	4.5998448022537769e-03	9.8195248499944165e-03	9.5096072272509852e-03	3.0991762274343114e-04
10                      	4.3515357834913837e-01	2.1301429104277836e-01	2.2213928730636001e-01	-3.7251728365650522e-01	-2.3638231685441030e-01	-1.3613496680209494e-01	-5.0123675026157687e-02	-4.5624981317908177e-03	4.1466191140264140e-03	9.3249068688848521e-03	8.8090725484688409e-03	5.1583432041601236e-04
11                      	4.4127177994208228e-01	2.1631613078642489e-01	2.2495564915565736e-01	-3.2236679568829318e-01	-2.1495067014421634e-01	-1.0741612554407685e-01	-5.3767272300069738e-02	-4.3197591846162262e-03	3.7041155170461624e-03	8.1454468316997496e-03	7.7768389328960368e-03	3.6860789880371225e-04
12                      	4.4557124886872906e-01	2.1879432207362087e-01	2.2677692679510819e-01	-2.7123384434106657e-01	-1.9401726960921348e-01	-7.7216574731853088e-02	-5.8400347438680202e-02	-3.9913023607436680e-03	3.2993349629011478e-03	6.8749712779618910e-03	6.7368206018820938e-03	1.3815067607979772e-04
13                      	4.4855899536426291e-01	2.2054320581023176e-01	2.2801578955403112e-01	-2.2741878175396510e-01	-1.7590636584188335e-01	-5.1512415912081756e-02	-6.2196974964900800e-02	-3.7362918718996823e-03	2.9324583303040178e-03	5.9531078789905470e-03	5.9090122697992914e-03	4.4095609191255835e-05
14                      	4.4985964727606215e-01	2.2134036641188287e-01	2.2851928086417927e-01	-1.9596127231412716e-01	-1.6154705086642390e-01	-3.4414221447703279e-02	-6.3566414709360308e-02	-3.5894572261482229e-03	2.6214172735614257e-03	5.4541210164732066e-03	5.3484777817980290e-03	1.0564323467517739e-04
15                      	4.4973765915811514e-01	2.2133549745831435e-01	2.2840216169980079e-01	-1.7648994695266496e-01	-1.5105480000243229e-01	-2.5435146950232648e-02	-6.2809826526099830e-02	-3.5333321207432124e-03	2.3488580894848250e-03	5.2108730024760285e-03	4.9542945907228393e-03	2.5657841175318925e-04
16                      	4.4893609843611376e-01	2.2090763350939388e-01	2.2802846492671988e-01	-1.6621243609157507e-01	-1.4372440091093808e-01	-2.2488035180636991e-02	-6.0618182865150541e-02	-3.5604157086629976e-03	2.1910632630025074e-03	5.1603364562321317e-03	4.7712314911185728e-03	3.8910496511355855e-04
17                      	4.4807204397639860e-01	2.2050489235981674e-01	2.2756715161658186e-01	-1.5945119636633015e-01	-1.3813519875507047e-01	-2.1315997611259699e-02	-5.8409600571905376e-02	-3.5311296283825717e-03	2.0239948662734578e-03	5.0824498056382134e-03	4.5652197690925645e-03	5.1723003654564892e-04
18                      	4.4707747850605684e-01	2.2015582256993155e-01	2.2692165593612532e-01	-1.4983525973113851e-01	-1.3249513696865201e-01	-1.7340122762486494e-02	-5.7577507103082758e-02	-3.3829166830968947e-03	1.8291114003283981e-03	5.0211250566296849e-03	4.3396739286432409e-03	6.8145112798644459e-04
19                      	4.4615951062579279e-01	2.1998012214429741e-01	2.2617938848149541e-01	-1.3414712177875479e-01	-1.2538704113793844e-01	-8.7600806408163409e-03	-5.8313480248561061e-02	-3.0996331685989955e-03	1.6857637933395187e-03	4.8168868630446456e-03	4.0942072248618417e-03	7.2267963818280407e-04
20                      	4.4585365979446445e-01	2.2020330700276303e-01	2.2565035279170143e-01	-1.1229507042595170e-01	-1.1631893351835737e-01	4.0238630924056742e-03	-6.0171398305381527e-02	-2.7235228944692109e-03	1.6459137990599885e-03	4.4519357855575320e-03	3.8718816918387544e-03	5.8005409371877773e-04
21                      	4.4602410116967517e-01	2.2063845251719794e-01	2.2538564865247721e-01	-8.4814532608915208e-02	-1.0527444213957282e-01	2.0459909530657620e-02	-6.2867175835115224e-02	-2.3735980676396424e-03	1.8087947553832176e-03	4.0863368503008535e-03	3.8519631805336444e-03	2.3437366976720918e-04
22                      	4.4618823411770109e-01	2.2091308491333414e-01	2.2527514920436695e-01	-5.5135938086812261e-02	-9.3235278992766651e-02	3.8099340905954397e-02	-6.5667309949360528e-02	-2.1810321455164026e-03	2.1150902634863799e-03	4.0564267112123669e-03	4.1433036190925629e-03	-8.6876907880196666e-05
23                      	4.4585726139051690e-01	2.2076237060526474e-01	2.2509489078525213e-01	-2.6814203406302601e-02	-8.0963195801847812e-02	5.4148992395545215e-02	-6.7556094098696520e-02	-2.1662600899936867e-03	2.5012759750591080e-03	4.5093753641803685e-03	4.7559636571492927e-03	-2.4658829296892332e-04
24                      	4.4485919848746469e-01	2.2010186165021720e-01	2.2475733683724752e-01	-1.7801448331778375e-03	-6.9132396331126195e-02	6.7352251497948351e-02	-6.8242323914537273e-02	-2.3277375935151713e-03	2.9287260741350106e-03	5.6234045860979890e-03	5.7404283671840051e-03	-1.1702378108601615e-04
25                      	4.4395066069259143e-01	2.1937349046349167e-01	2.2457717022909976e-01	1.9067176738816676e-02	-5.8584656619767479e-02	7.7651833358584152e-02	-6.8118244989175819e-02	-2.6018398828040416e-03	3.3790155334439201e-03	7.3220909967012899e-03	7.0400610317945655e-03	2.8202996490672488e-04
26                      	4.4364279098305420e-01	2.1891597224423986e-01	2.2472681873881437e-01	3.4843116821512553e-02	-5.0976637916464805e-02	8.5819754737977344e-02	-6.8398196327221078e-02	-2.9054232472872335e-03	3.9209887104947648e-03	9.1665141509743898e-03	8.5042457859819589e-03	6.6226836499243041e-04
27                      	4.4375634687956006e-01	2.1866196251545802e-01	2.2509438436410203e-01	4.6174335791939893e-02	-4.6480824240135832e-02	9.2655160032075717e-02	-6.9567992136105775e-02	-3.2162109243220002e-03	4.3856463795728844e-03	1.0684576632075263e-02	9.7279346956105177e-03	9.5664193646474781e-04
28                      	4.4382222699791068e-01	2.1831512261535599e-01	2.2550710438255467e-01	5.2486405481704738e-02	-4.5049574857657829e-02	9.7535980339362574e-02	-7.1292777598510201e-02	-3.5959908835993420e-03	4.6620517880398464e-03	1.1695583752677303e-02	1.0509843664378498e-02	1.1857400882988053e-03
29                      	4.4375050396720722e-01	2.1788971625504561e-01	2.2586078771216161e-01	5.2434881063759410e-02	-4.7160840884883717e-02	9.9595721948643134e-02	-7.3378281416763419e-02	-3.9855357285580066e-03	4.8082325771045351e-03	1.2170163036913571e-02	1.0893314095561320e-02	1.2768489413522504e-03
30                      	4.4311804046896658e-01	2.1733781631923335e-01	2.2578022414973326e-01	4.7267854537157837e-02	-5.1596895394018058e-02	9.8864749931175888e-02	-7.5230822662596980e-02	-4.2212039152499685e-03	4.6952818242498150e-03	1.1857606367984396e-02	1.0624085008242015e-02	1.2335213597423830e-03
31                      	4.4147175515685189e-01	2.1648155249819528e-01	2.2499020265865663e-01	4.0905136422900758e-02	-5.6241161307534787e-02	9.7146297730435552e-02	-7.6693729518985163e-02	-4.2543250802306752e-03	4.1978022595023576e-03	1.0858708002045853e-02	9.6271562605252832e-03	1.2315517415205683e-03
32                      	4.3912606244818209e-01	2.1546410108487743e-01	2.2366196136330466e-01	3.5246751108209073e-02	-6.0029911064404147e-02	9.5276662172613213e-02	-7.7653286618508677e-02	-4.0989301392135996e-03	3.4514291082965434e-03	9.2561258468468223e-03	8.0794920317199554e-03	1.1766338151268675e-03
33                      	4.3657626165228697e-01	2.1436400084145743e-01	2.2221226081082951e-01	3.0234445719841175e-02	-6.2872449685250215e-02	9.3106895405091400e-02	-7.7989672545170807e-02	-3.9241299846860369e-03	2.4629936779978728e-03	7.4239340219316666e-03	6.1749606889637066e-03	1.2489733329679603e-03
34                      	4.3395185524226493e-01	2.1322606237835498e-01	2.2072579286390992e-01	2.6320395764544875e-02	-6.4505666078555790e-02	9.0826061843100672e-02	-7.7665863960828238e-02	-3.7498652427774932e-03	1.2701292142960861e-03	5.5079156169431775e-03	4.0240870227676757e-03	1.4838285941755026e-03
35                      	4.3194816935383540e-01	2.1245132315383247e-01	2.1949684620000293e-01	2.4108260465895065e-02	-6.4804024742836169e-02	8.8912285208731220e-02	-7.6858154975783688e-02	-3.5227615230852302e-03	1.0818470936551494e-04	3.6736623047774171e-03	1.9450158617542236e-03	1.7286464430231936e-03
36                      	4.3126355400390970e-01	2.1234989487935868e-01	2.1891365912455102e-01	2.3571464215042717e-02	-6.3578611397437895e-02	8.7150075612480629e-02	-7.5364343504959269e-02	-3.2818821225961774e-03	-8.4113000932754063e-04	2.3004621238885328e-03	3.0910105261672564e-04	1.9913610712718067e-03
37                      	4.3204560323220870e-01	2.1294290261008483e-01	2.1910270062212386e-01	2.3571131667165644e-02	-6.1408090964533993e-02	8.4979222631699644e-02	-7.3193656798116818e-02	-3.0798990060195196e-03	-1.4721408148124658e-03	1.4760679180669061e-03	-7.3410685577901264e-04	2.2101747738459188e-03
38                      	4.3407143737967235e-01	2.1405761004298268e-01	2.2001382733668967e-01	2.1962742997235121e-02	-5.9245932026329343e-02	8.1208675023564464e-02	-7.0227303524946910e-02	-2.9781086468534720e-03	-1.6047856782452541e-03	1.1844945000412548e-03	-1.0125384282246267e-03	2.1970329282658819e-03
39                      	4.3689692903913069e-01	2.1541393948710219e-01	2.2148298955202853e-01	1.8276112575002498e-02	-5.7697818190484654e-02	7.5973930765487141e-02	-6.6835874477985904e-02	-3.0345250324631669e-03	-1.3293932877725451e-03	1.1895450440448539e-03	-7.3462076575011811e-04	1.9241658097949722e-03
40                      	4.3972330622760897e-01	2.1662984750722619e-01	2.2309345872038275e-01	1.3663242045287211e-02	-5.6757710679334696e-02	7.0420952724621899e-02	-6.3589331701978308e-02	-3.2318056065782814e-03	-8.3480968072498229e-04	1.4136127620666497e-03	-1.2800329969165746e-04	1.5416160617583070e-03
41                      	4.4177891256977853e-01	2.1736620775204255e-01	2.2441270481773601e-01	1.0117855718496757e-02	-5.5880605555110922e-02	6.5998461273607673e-02	-6.0939533414359301e-02	-3.5232485328467347e-03	-4.2045077968832524e-04	1.9453431953337615e-03	5.5222081797855552e-04	1.3931223773552060e-03
42                      	4.4227736016339253e-01	2.1722497734305762e-01	2.2505238282033488e-01	8.8747535318960454e-03	-5.5129436948234384e-02	6.4004190480130424e-02	-5.9566813714182404e-02	-3.9137027386386154e-03	-9.9486311110697279e-05	2.7099231751140014e-03	1.2554752764463034e-03	1.4544478986676980e-03
43                      	4.4071578223445551e-01	2.1599848309101338e-01	2.2471729914344216e-01	9.3649449746553096e-03	-5.5225995143191056e-02	6.4590940117846357e-02	-5.9908467630518714e-02	-4.3594080262143878e-03	7.1026437095091831e-05	3.3897198977372728e-03	1.7658863859637281e-03	1.6238335117735446e-03
44                      	4.3703327390248153e-01	2.1374707254884573e-01	2.2328620135363580e-01	1.1200404673406472e-02	-5.5981565528454014e-02	6.7181970201860480e-02	-6.1581767865157254e-02	-4.7695644023950327e-03	4.7711657068320927e-05	3.9840397469719123e-03	2.0397315305542771e-03	1.9443082164176352e-03
45                      	4.3190063851173854e-01	2.1097020641489145e-01	2.2093043209684710e-01	1.5388938247655842e-02	-5.5239513979432303e-02	7.0628452227088134e-02	-6.2933983103260219e-02	-4.9801128409778239e-03	-2.2469662142726553e-04	4.6350835793713113e-03	2.0928451682583902e-03	2.5422384111129211e-03
46                      	4.2591907326401385e-01	2.0805452743277839e-01	2.1786454583123546e-01	2.3403361268811085e-02	-5.0683488447403294e-02	7.4086849716214390e-02	-6.2385169081808842e-02	-4.9050091992285496e-03	-6.2331326364142240e-04	5.2177575622381510e-03	1.9855655174776526e-03	3.2321920447604979e-03
47                      	4.1971023385357387e-01	2.0527068415161953e-01	2.1443954970195436e-01	3.4268215377932051e-02	-4.2404546522483322e-02	7.6672761900415373e-02	-5.9538654211449354e-02	-4.5844327751674158e-03	-1.0140100700168782e-03	5.5502946760964339e-03	1.7611372680313392e-03	3.7891574080650952e-03
48                      	4.1337701214295236e-01	2.0253242979341057e-01	2.1084458234954179e-01	4.3354384127948661e-02	-3.3514319313407856e-02	7.6868703441356517e-02	-5.5191511377382194e-02	-4.1560762780655921e-03	-1.1470710605793616e-03	5.6249263296360491e-03	1.6653921042386628e-03	3.9595342253973863e-03
49                      	4.0733794620506780e-01	1.9985253307679562e-01	2.0748541312827218e-01	4.5289908272998232e-02	-2.7229734524351595e-02	7.2519642797349834e-02	-4.9874688660850715e-02	-3.8164400257382600e-03	-1.0001621056503064e-03	6.0486591695110828e-03	2.0241674791052350e-03	4.0244916904058478e-03
50                      	4.0252629689259056e-01	1.9767308512420936e-01	2.0485321176838120e-01	3.7945279432227474e-02	-2.4775781165340093e-02	6.2721060597567560e-02	-4.3748420881453830e-02	-3.5900633220859179e-03	-6.9448497405610703e-04	6.9297771132363186e-03	2.7704035825620518e-03	4.1593735306742659e-03
51                      	3.9960227960117306e-01	1.9634721362314625e-01	2.0325506597802681e-01	2.4200281425231018e-02	-2.5112580167884285e-02	4.9312861593115306e-02	-3.7212720880499796e-02	-3.4539261774402916e-03	-5.4611549910526668e-04	7.8160651130768210e-03	3.3619170574331440e-03	4.4541480556436778e-03
52                      	3.9810626753220946e-01	1.9553242183093036e-01	2.0257384570127909e-01	9.2393925191226935e-03	-2.6448656317847260e-02	3.5688048836969952e-02	-3.1068352577408608e-02	-3.5207119351743526e-03	-6.4225965801689505e-04	8.7071565354209721e-03	3.7113186096935907e-03	4.9958379257273814e-03
53                      	3.9713995108058703e-01	1.9480929550639955e-01	2.0233065557418750e-01	-3.1439447002728146e-03	-2.7879832728967487e-02	2.4735888028694669e-02	-2.6307860378831080e-02	-3.7606800338939746e-03	-8.6299359739859223e-04	9.2743543684277729e-03	3.7741835868152938e-03	5.5001707816124791e-03
54                      	3.9640593323739703e-01	1.9415858317975815e-01	2.0224735005763889e-01	-1.2173939592022138e-02	-2.9476234416242371e-02	1.7302294824220230e-02	-2.3389264620231300e-02	-4.0443834389403827e-03	-1.1990483168838031e-03	9.4797037224047045e-03	3.5408035443185494e-03	5.9389001780861556e-03
55                      	3.9555281180997914e-01	1.9352387629463963e-01	2.0202893551533951e-01	-1.8684814118176893e-02	-3.1407644606721401e-02	1.2722830488544508e-02	-2.2065237547632954e-02	-4.2525296103499491e-03	-1.7241499126232364e-03	9.5939690762245153e-03	3.0728346254890212e-03	6.5211344507354937e-03
56                      	3.9402184742732388e-01	1.9255908098602001e-01	2.0146276644130390e-01	-2.3711899709446337e-02	-3.3478288928015312e-02	9.7663892185689827e-03	-2.1622339073292147e-02	-4.4518427276419347e-03	-2.2377316843920398e-03	9.8674996551909120e-03	2.6960181432034158e-03	7.1714815119874962e-03
57                      	3.9172747498516269e-01	1.9116463775497677e-01	2.0056283723018589e-01	-2.7207190857919599e-02	-3.5126289431012328e-02	7.9190985730927324e-03	-2.1522694002052534e-02	-4.6990997376045772e-03	-2.5103774388030094e-03	1.0580611855625510e-02	2.7799284890097455e-03	7.8006833666157648e-03
58                      	3.8921471439132121e-01	1.8966222007037714e-01	1.9955249432094407e-01	-2.9167934327878297e-02	-3.6215521619851476e-02	7.0475872919731819e-03	-2.1631554455912329e-02	-4.9451371252834794e-03	-2.5119347033136469e-03	1.1649769029153033e-02	3.3129498112628693e-03	8.3368192178901648e-03
59                      	3.8689963188282389e-01	1.8825841732029924e-01	1.9864121456252462e-01	-2.9672002557548968e-02	-3.6983455766514170e-02	7.3114532089652009e-03	-2.2147454487739686e-02	-5.1913986211126872e-03	-2.2140189049188693e-03	1.2879450051755203e-02	4.2257061209587327e-03	8.6537439307964713e-03
60                      	3.8460336311389692e-01	1.8689460002800609e-01	1.9770876308589086e-01	-2.8087172138471270e-02	-3.7438710818474927e-02	9.3515386800036571e-03	-2.3395124749239292e-02	-5.4070815289423858e-03	-1.5836522962631315e-03	1.3979812944383689e-02	5.4062541759287127e-03	8.5735587684549770e-03
61                      	3.8217087711697584e-01	1.8553188378285657e-01	1.9663899333411927e-01	-2.3835958356851407e-02	-3.7500567463714753e-02	1.3664609106863346e-02	-2.5582588285289053e-02	-5.5535547756313660e-03	-6.5189669370290361e-04	1.4897642703522429e-02	6.7969246580583112e-03	8.1007180454641167e-03
62                      	3.7934604302485142e-01	1.8407183612592443e-01	1.9527420689892699e-01	-1.7029315439015182e-02	-3.7009823464242961e-02	1.9980508025227776e-02	-2.8495165744735367e-02	-5.6011853865012857e-03	4.5343513646085859e-04	1.5523394834357001e-02	8.2151325536393583e-03	7.3082622807176430e-03
63                      	3.7620420644570429e-01	1.8267638971432382e-01	1.9352781673138045e-01	-8.8467730142787523e-03	-3.6210300050036663e-02	2.7363527035757906e-02	-3.1786913542897283e-02	-5.4257135085283110e-03	1.5372217653767161e-03	1.5376112323030811e-02	9.2252779268921208e-03	6.1508343961386895e-03
64                      	3.7355469943034209e-01	1.8172589964208499e-01	1.9182879978825712e-01	-4.8230483673400762e-04	-3.5230554899040534e-02	3.4748250062306515e-02	-3.4989402480673525e-02	-5.0514500730860787e-03	2.2570036336059434e-03	1.4434635510202331e-02	9.4743213887071090e-03	4.9603141214952231e-03
65                      	3.7208570938330759e-01	1.8145169953194373e-01	1.9063400985136389e-01	7.0911241846839659e-03	-3.4629783984372914e-02	4.1720908169056881e-02	-3.8175346076714897e-02	-4.5911551597100702e-03	2.4800307184148127e-03	1.2950328864444393e-02	8.9551951506370107e-03	3.9951337138073835e-03
66                      	3.7136092263767378e-01	1.8150908113278130e-01	1.8985184150489248e-01	1.2999625780455609e-02	-3.5030967797413728e-02	4.8030593577869339e-02	-4.1530780687641537e-02	-4.1713801860555882e-03	2.2293642501201123e-03	1.1600257300510340e-02	8.0294929003752822e-03	3.5707644001350572e-03
67                      	3.7085669153085776e-01	1.8159281443678488e-01	1.8926387709407289e-01	1.7550680270685643e-02	-3.6079165481708253e-02	5.3629845752393900e-02	-4.4854505617051073e-02	-3.8355313286440027e-03	1.7657075430806580e-03	1.0576068358981196e-02	7.0537417225712560e-03	3.5223266364099396e-03
68                      	3.7008070600675441e-01	1.8145860678836584e-01	1.8862209921838857e-01	2.1825976165010860e-02	-3.6922817472855161e-02	5.8748793637866024e-02	-4.7835805555360593e-02	-3.5817462150113809e-03	1.2464793210134053e-03	9.9031767679190284e-03	6.1980677049729193e-03	3.7051090629461087e-03
69                      	3.6886109212407331e-01	1.8104349940673559e-01	1.8781759271733775e-01	2.6139163377219693e-02	-3.7275549178875572e-02	6.3414712556095251e-02	-5.0345130867485412e-02	-3.3870466553010694e-03	7.4118114008805101e-04	9.6776008645160245e-03	5.5799815723460633e-03	4.0976192921699604e-03
70                      	3.6751597309581580e-01	1.8052685232082286e-01	1.8698912077499294e-01	3.0395556216361707e-02	-3.7212481904694471e-02	6.7608038121056188e-02	-5.2410260012875326e-02	-3.2311342270850440e-03	3.5855390122750328e-04	1.0015158433766791e-02	5.3661331181108990e-03	4.6490253156558923e-03
71                      	3.6627982608453724e-01	1.7999927141173774e-01	1.8628055467279947e-01	3.4851128568908596e-02	-3.6733940326857513e-02	7.1585068895766102e-02	-5.4159504611311811e-02	-3.1406416305308667e-03	1.2103955754640079e-04	1.0850100833530158e-02	5.5460899743114793e-03	5.3040108592186776e-03
72                      	3.6496621342604163e-01	1.7943209504924362e-01	1.8553411837679804e-01	3.9185644173572454e-02	-3.6190131052122779e-02	7.5375775225695232e-02	-5.5782953138909006e-02	-3.0510116637772087e-03	-4.2236077432606483e-05	1.1807097292699817e-02	5.8613125689173026e-03	5.9457847237825148e-03
73                      	3.6284984502437934e-01	1.7851173018711500e-01	1.8433811483726434e-01	4.3455876251217954e-02	-3.5959979397363943e-02	7.9415855648581904e-02	-5.7687917522972920e-02	-2.9131923250746727e-03	-1.2219151354340472e-04	1.2549085927241084e-02	6.1523514500771374e-03	6.3967344771639475e-03
74                      	3.5965432948064646e-01	1.7713505818916445e-01	1.8251927129148202e-01	4.8113595996799534e-02	-3.6021752413060659e-02	8.4135348409860186e-02	-6.0078550411460423e-02	-2.6921065511587819e-03	-1.2636624054074484e-04	1.2779410370533130e-02	6.2633389447258195e-03	6.5160714258073096e-03
75                      	3.5606652486208401e-01	1.7562425089469902e-01	1.8044227396738502e-01	5.3955256914562717e-02	-3.5764911997311168e-02	8.9720168911873885e-02	-6.2742540454592530e-02	-2.4090115363430086e-03	-5.2871400440238107e-05	1.2534429233168533e-02	6.2143432161440287e-03	6.3200860170245041e-03
76                      	3.5277009577838253e-01	1.7428870042799136e-01	1.7848139535039115e-01	6.2062658517150704e-02	-3.4118070085713367e-02	9.6180728602864071e-02	-6.5149399344288719e-02	-2.0963474611999031e-03	1.2266018965716554e-04	1.2053019201474157e-02	6.1491697903942443e-03	5.9038494110799124e-03
77                      	3.4975405048970570e-01	1.7309448201007757e-01	1.7665956847962813e-01	7.2791086605598646e-02	-3.0685501445965251e-02	1.0347658805156390e-01	-6.7081044748764571e-02	-1.7825432347752805e-03	3.9045698798492024e-04	1.1573224056507082e-02	6.1770690162384614e-03	5.3961550402686215e-03
78                      	3.4650208245611747e-01	1.7170397961990400e-01	1.7479810283621350e-01	8.5037088934553362e-02	-2.6248417757265011e-02	1.1128550669181837e-01	-6.8766962224541692e-02	-1.5470616081547574e-03	7.5078561159494669e-04	1.1318776411201542e-02	6.4101738171957181e-03	4.9086025940058243e-03
79                      	3.4271383183957921e-01	1.6984008644125836e-01	1.7287374539832084e-01	9.6076286248422738e-02	-2.2355100212486441e-02	1.1843138646090917e-01	-7.0393243336697817e-02	-1.5168294785312410e-03	1.2713168552258662e-03	1.1563075213297871e-02	7.0528544618748022e-03	4.5102207514230693e-03
80                      	3.3859083941328877e-01	1.6758508679839212e-01	1.7100575261489667e-01	1.0307765897361161e-01	-2.0337916965354058e-02	1.2341557593896567e-01	-7.1876746452159870e-02	-1.7103329082522626e-03	1.9099494588830340e-03	1.2595630287569793e-02	8.2077646026679305e-03	4.3878656849018630e-03
