# Force and moment coefficients
# dragDir               : (1.0000000000000000e+00 0.0000000000000000e+00 0.0000000000000000e+00)
# sideDir               : (0.0000000000000000e+00 1.0000000000000000e+00 0.0000000000000000e+00)
# liftDir               : (0.0000000000000000e+00 0.0000000000000000e+00 1.0000000000000000e+00)
# rollAxis              : (1.0000000000000000e+00 0.0000000000000000e+00 0.0000000000000000e+00)
# pitchAxis             : (0.0000000000000000e+00 1.0000000000000000e+00 0.0000000000000000e+00)
# yawAxis               : (0.0000000000000000e+00 0.0000000000000000e+00 1.0000000000000000e+00)
# magUInf               : 3.8889000000000003e+01
# lRef                  : 2.7861799999999999e+00
# Aref                  : 2.1699999999999999e+00
# CofR                  : (1.4000900000000001e+00 0.0000000000000000e+00 -3.1759999999999999e-01)
#
# Time                  	Cd                      	Cd(f)                   	Cd(r)                   	Cl                      	Cl(f)                   	Cl(r)                   	CmPitch                 	CmRoll                  	CmYaw                   	Cs                      	Cs(f)                   	Cs(r)                   
1                       	1.0585386279855624e+00	5.2815838889460820e-01	5.3038023909095422e-01	-3.4365742728123899e-01	-8.8669916558202222e-02	-2.5498751072303677e-01	8.3158797082417288e-02	-1.1109250981729748e-03	2.5842157792088155e-03	-5.5959693888136255e-03	-2.1376891519799766e-04	-5.3822004736156278e-03
2                       	7.2509904705975436e-01	3.6353455533401913e-01	3.6156449172573524e-01	-3.7462120513587810e-01	-2.2995681243212354e-01	-1.4466439270375456e-01	-4.2646209864184485e-02	9.8503180414191748e-04	2.8729273126792149e-03	-6.3573135502508118e-03	-3.0572946244619139e-04	-6.0515840878046217e-03
3                       	4.1481966406541065e-01	2.0785234708045333e-01	2.0696731698495729e-01	-3.1745533560796169e-01	-2.5713657094322823e-01	-6.0318764664733467e-02	-9.8408903139247383e-02	4.4251504774803164e-04	3.2774572631528273e-03	-1.2627095424249308e-03	2.6461024919403621e-03	-3.9088120343652921e-03
4                       	2.9220470794285219e-01	1.4472769927716625e-01	1.4747700866568597e-01	-2.6663413320087842e-01	-2.2759814431848824e-01	-3.9035988882390196e-02	-9.4281077718049014e-02	-1.3746546942598706e-03	3.1726528363349685e-03	4.4610199369146094e-03	5.4031628047922723e-03	-9.4214286787766414e-04
5                       	2.8525075039123055e-01	1.3954099087516939e-01	1.4570975951606113e-01	-2.6622915850499690e-01	-2.0528351801381750e-01	-6.0945640491179398e-02	-7.2168938761319051e-02	-3.0843843204458881e-03	3.0273575244172866e-03	8.1320845683457103e-03	7.0933998085901413e-03	1.0386847597555684e-03
6                       	3.2642692101566734e-01	1.5926279802484039e-01	1.6716412299082695e-01	-3.2089346671644892e-01	-2.1578183576616700e-01	-1.0511163095028193e-01	-5.5335102407942531e-02	-3.9506624829932849e-03	3.1358332329839171e-03	9.3125150210024623e-03	7.7920907434851491e-03	1.5204242775173141e-03
7                       	3.7103660225404628e-01	1.8146845768751585e-01	1.8956814456653043e-01	-3.8764841664135868e-01	-2.4249572276780632e-01	-1.4515269387355237e-01	-4.8671514447126973e-02	-4.0498434395072900e-03	3.6815427491677113e-03	9.1985397243328909e-03	8.2808126113341589e-03	9.1772711299873441e-04
8                       	4.0310755919509317e-01	1.9764952366269559e-01	2.0545803553239758e-01	-4.2484460553646480e-01	-2.6044186398490987e-01	-1.6440274155155490e-01	-4.8019561216677484e-02	-3.9042559348509932e-03	4.2740971840072610e-03	8.7502603200885366e-03	8.6492273440515275e-03	1.0103297603700776e-04
9                       	4.2278562109141332e-01	2.0760610382021602e-01	2.1517951727119733e-01	-4.2184704079997221e-01	-2.6103581525967262e-01	-1.6081122554029956e-01	-5.0112294859686518e-02	-3.7867067254906540e-03	4.5773948652929252e-03	8.2862332794796396e-03	8.7205115050327450e-03	-4.3427822555310497e-04
10                      	4.3292492765658463e-01	2.1275445399032847e-01	2.2017047366625614e-01	-3.8299832415830559e-01	-2.4651543007472707e-01	-1.3648289408357853e-01	-5.5016267995574283e-02	-3.7080098379638203e-03	4.5043187627412939e-03	7.7766017356483610e-03	8.3926196305654753e-03	-6.1601789491711324e-04
11                      	4.3845501721678692e-01	2.1555921819958412e-01	2.2289579901720280e-01	-3.2621831490768416e-01	-2.2376363576766456e-01	-1.0245467914001966e-01	-6.0654478313822445e-02	-3.6682904088093512e-03	4.0223884095795743e-03	7.1650252177638575e-03	7.6049010184615039e-03	-4.3987580069764572e-04
12                      	4.4220480453327332e-01	2.1743121854870862e-01	2.2477358598456471e-01	-2.6785496857218460e-01	-1.9949766875050626e-01	-6.8357299821678347e-02	-6.5570184464413969e-02	-3.6711837179280384e-03	3.3739093001351867e-03	6.5498662691029887e-03	6.6488424346866810e-03	-9.8976165583692369e-05
13                      	4.4489266117462062e-01	2.1869574781121556e-01	2.2619691336340508e-01	-2.1857870209887684e-01	-1.7800267180636734e-01	-4.0576030292509516e-02	-6.8713320756928903e-02	-3.7505827760947710e-03	2.7066149583067091e-03	6.1006217745354207e-03	5.7569258455744199e-03	3.4369592896100082e-04
14                      	4.4638631350464580e-01	2.1933301802983218e-01	2.2705329547481362e-01	-1.8489740076334449e-01	-1.6157953967024358e-01	-2.3317861093100932e-02	-6.9130839288571319e-02	-3.8601387224907139e-03	2.1139412415311877e-03	5.8352701801969139e-03	5.0315763316296450e-03	8.0369384856726904e-04
15                      	4.4672311407192500e-01	2.1947311232698860e-01	2.2725000174493640e-01	-1.6649070799879245e-01	-1.5075491038588168e-01	-1.5735797612910749e-02	-6.7509556386485481e-02	-3.8884447089739039e-03	1.6368824782756410e-03	5.5654750706727110e-03	4.4196200136119961e-03	1.1458550570607145e-03
16                      	4.4650874218938791e-01	2.1942497471058808e-01	2.2708376747879983e-01	-1.5897034811390828e-01	-1.4436945622158384e-01	-1.4600891892324429e-02	-6.4884282164629714e-02	-3.8293963841058618e-03	1.3278631529620342e-03	5.2964468731248032e-03	3.9760865895244364e-03	1.3203602836003674e-03
17                      	4.4600225637622187e-01	2.1932331774572902e-01	2.2667893863049288e-01	-1.5444986952982212e-01	-1.3981450706805712e-01	-1.4635362461765019e-02	-6.2589572303146046e-02	-3.6778104423819211e-03	1.1505451995120844e-03	4.9214686952715218e-03	3.6112795471478455e-03	1.3101891481236768e-03
18                      	4.4513558765166106e-01	2.1914637699198111e-01	2.2598921065967995e-01	-1.4591029154017751e-01	-1.3491755484739273e-01	-1.0992736692784787e-02	-6.1962409077303972e-02	-3.4214168338494166e-03	1.1343957188775791e-03	4.4712908937195612e-03	3.3700411657373594e-03	1.1012497279822013e-03
19                      	4.4423188542991171e-01	2.1899745654219771e-01	2.2523442888771400e-01	-1.3034586850738827e-01	-1.2831501970999623e-01	-2.0308487973920387e-03	-6.3142085456302094e-02	-3.1184861727581578e-03	1.2548300533522128e-03	4.0125257997801148e-03	3.2610929532422700e-03	7.5143284653784461e-04
20                      	4.4399744846154093e-01	2.1917680631450506e-01	2.2482064214703584e-01	-1.0765881946615419e-01	-1.1913974798435231e-01	1.1480928518198130e-02	-6.5310338251275218e-02	-2.8219179162654010e-03	1.4319470719500846e-03	3.6832501098873630e-03	3.2735721268937661e-03	4.0967798299359690e-04
21                      	4.4426784644254957e-01	2.1948163159567807e-01	2.2478621484687150e-01	-7.9584780032031718e-02	-1.0764608683225697e-01	2.8061306800225266e-02	-6.7853696816241121e-02	-2.6522916255967239e-03	1.7095758076753340e-03	3.7347810067646760e-03	3.5769663110576718e-03	1.5781469570700396e-04
22                      	4.4458408456062815e-01	2.1963065888702862e-01	2.2495342567359949e-01	-5.0632761271474730e-02	-9.5604116159736990e-02	4.4971354888262274e-02	-7.0287735523999639e-02	-2.6613833932854184e-03	1.9753304821601169e-03	4.3595356707119915e-03	4.1550983175161127e-03	2.0443735319587898e-04
23                      	4.4439186771315059e-01	2.1942013859101439e-01	2.2497172912213617e-01	-2.4423867676519977e-02	-8.4177653327557805e-02	5.9753785651037818e-02	-7.1965719489297822e-02	-2.7757952655609020e-03	2.2170523302855794e-03	5.3694333864776553e-03	4.9017690235244075e-03	4.6766436295324852e-04
24                      	4.4350971906792352e-01	2.1868884529057867e-01	2.2482087377734486e-01	-1.0312481189471245e-03	-7.3043291378595776e-02	7.2012043259648648e-02	-7.2527667319122205e-02	-3.0660142433830933e-03	2.5016521686869997e-03	6.8025139307989185e-03	5.9029091340864585e-03	8.9960479671245971e-04
25                      	4.4255303956208403e-01	2.1780561143056554e-01	2.2474742813151846e-01	1.9627199256062107e-02	-6.2388167699984724e-02	8.2015366956046817e-02	-7.2201767328015767e-02	-3.4709083504764577e-03	2.9254097377652624e-03	8.5976518650156906e-03	7.2242356702731077e-03	1.3734161947425829e-03
26                      	4.4213686813648789e-01	2.1713421886636233e-01	2.2500264927012553e-01	3.7370445727106502e-02	-5.3503795185860611e-02	9.0874240912967114e-02	-7.2189018049413856e-02	-3.9342152018816213e-03	3.5362391636728227e-03	1.0558952700097666e-02	8.8157155137216538e-03	1.7432371863760100e-03
27                      	4.4211212937458955e-01	2.1663552966460076e-01	2.2547659970998879e-01	5.1987676799185020e-02	-4.7241276779945135e-02	9.9228953579130169e-02	-7.3235115179537652e-02	-4.4205350226940244e-03	4.1282139841293851e-03	1.2481918468337414e-02	1.0369173218298092e-02	2.1127452500393222e-03
28                      	4.4214332790284522e-01	2.1615716265458729e-01	2.2598616524825796e-01	6.1695786745534303e-02	-4.4116097578152672e-02	1.0581188432368699e-01	-7.4963990950919823e-02	-4.9145012968353271e-03	4.5751846220625321e-03	1.3899893430528743e-02	1.1525131337326903e-02	2.3747620932018389e-03
29                      	4.4198829190196182e-01	2.1563843553049145e-01	2.2634985637147037e-01	6.4305549905705958e-02	-4.4711746508692189e-02	1.0901729641439814e-01	-7.6864521461545168e-02	-5.3557104204894485e-03	4.7847111481042074e-03	1.4787368525915487e-02	1.2178395411061950e-02	2.6089731148535361e-03
30                      	4.4136940652949186e-01	2.1505319710164678e-01	2.2631620942784508e-01	6.0726312962632742e-02	-4.7719333278374396e-02	1.0844564624100712e-01	-7.8082489759690760e-02	-5.6315061630991580e-03	4.5778787064025802e-03	1.4870102440461075e-02	1.2012929926633116e-02	2.8571725138279574e-03
31                      	4.4001113421068494e-01	2.1428211299894867e-01	2.2572902121173630e-01	5.3805515443840206e-02	-5.1363270682593283e-02	1.0516878612643349e-01	-7.8266028404513382e-02	-5.7234541063938106e-03	3.9703602066215350e-03	1.4023550602899492e-02	1.0982135508071280e-02	3.0414150948282108e-03
32                      	4.3818469383364095e-01	2.1349639610465423e-01	2.2468829772898669e-01	4.6312335645054145e-02	-5.4217828126686587e-02	1.0053016377174073e-01	-7.7373995949213653e-02	-5.5959508121662255e-03	3.1455958913304757e-03	1.2470633454089240e-02	9.3809126183750959e-03	3.0897208357141444e-03
33                      	4.3620858209546520e-01	2.1279887009264148e-01	2.2340971200282372e-01	3.9422574289622071e-02	-5.5913597345652127e-02	9.5336171635274192e-02	-7.5624884490463160e-02	-5.3054209550911198e-03	2.0166007589005495e-03	1.0658265298974382e-02	7.3457334083877404e-03	3.3125318905866414e-03
34                      	4.3410931261117852e-01	2.1216004127288304e-01	2.2194927133829548e-01	3.5135978882162210e-02	-5.5875620389325545e-02	9.1011599271487748e-02	-7.3443609830406653e-02	-4.8946150327062168e-03	7.4728651581028836e-04	8.6551322011983629e-03	5.0748526164094698e-03	3.5802795847888931e-03
35                      	4.3261653890196927e-01	2.1184671041223124e-01	2.2076982848973803e-01	3.3814589479343800e-02	-5.4333241287918443e-02	8.8147830767262250e-02	-7.1240536027590340e-02	-4.4615590387534054e-03	-4.0875400226495677e-04	6.6710583223021681e-03	2.9267751588861269e-03	3.7442831634160408e-03
36                      	4.3238052533562349e-01	2.1214960261324806e-01	2.2023092272237543e-01	3.3818761504105184e-02	-5.2378340043890428e-02	8.6197101547995619e-02	-6.9287720795943031e-02	-4.0406600545636849e-03	-1.4047368816060485e-03	5.0444509850709708e-03	1.1174886109294368e-03	3.9269623741415337e-03
37                      	4.3362871810350451e-01	2.1311550451199396e-01	2.2051321359151055e-01	3.3236811913169385e-02	-5.1172143643194674e-02	8.4408955556364060e-02	-6.7790549599779371e-02	-3.6988545397583002e-03	-2.0502646057812880e-03	3.7617110853740928e-03	-1.6940906309424151e-04	3.9311201484683346e-03
38                      	4.3598909942957270e-01	2.1446562773747035e-01	2.2152347169210232e-01	3.0250031628740032e-02	-5.1383696057302038e-02	8.1633727686042074e-02	-6.6508711871672052e-02	-3.5289219773159790e-03	-2.1242523420106877e-03	3.1661286659739989e-03	-5.4118800902368822e-04	3.7073166749976871e-03
39                      	4.3856953791912889e-01	2.1575765497966465e-01	2.2281188293946422e-01	2.5143665645015106e-02	-5.2720466930305888e-02	7.7864132575320988e-02	-6.5292299752813435e-02	-3.5271139798997886e-03	-1.7539193619847369e-03	3.1164829785532912e-03	-1.9567787270809151e-04	3.3121608512613823e-03
40                      	4.4055438144779518e-01	2.1665667842944672e-01	2.2389770301834844e-01	1.9936293069911671e-02	-5.4058845730086930e-02	7.3995138799998611e-02	-6.4026992265042770e-02	-3.6205122944508810e-03	-1.1711289817536905e-03	3.4356421849100443e-03	5.4669211070133166e-04	2.8889500742087129e-03
