# Force and moment coefficients
# dragDir               : (1.0000000000000000e+00 0.0000000000000000e+00 0.0000000000000000e+00)
# sideDir               : (0.0000000000000000e+00 1.0000000000000000e+00 0.0000000000000000e+00)
# liftDir               : (0.0000000000000000e+00 0.0000000000000000e+00 1.0000000000000000e+00)
# rollAxis              : (1.0000000000000000e+00 0.0000000000000000e+00 0.0000000000000000e+00)
# pitchAxis             : (0.0000000000000000e+00 1.0000000000000000e+00 0.0000000000000000e+00)
# yawAxis               : (0.0000000000000000e+00 0.0000000000000000e+00 1.0000000000000000e+00)
# magUInf               : 3.8889000000000003e+01
# lRef                  : 2.7861799999999999e+00
# Aref                  : 2.1699999999999999e+00
# CofR                  : (1.4000900000000001e+00 0.0000000000000000e+00 -3.1759999999999999e-01)
#
# Time                  	Cd                      	Cd(f)                   	Cd(r)                   	Cl                      	Cl(f)                   	Cl(r)                   	CmPitch                 	CmRoll                  	CmYaw                   	Cs                      	Cs(f)                   	Cs(r)                   
1                       	1.1959316649641185e+00	5.9863045967592832e-01	5.9730120528819031e-01	-6.1965545674861466e-01	-7.5916077764301759e-02	-5.4373937898431290e-01	2.3391165061000557e-01	6.6462719386897414e-04	3.8009466872976714e-03	-5.9637409054067187e-03	8.1907623459431225e-04	-6.7828171400010307e-03
2                       	6.5925356123656642e-01	3.2738294474299345e-01	3.3187061649357297e-01	-4.1896541783440228e-01	-1.9153426086262049e-01	-2.2743115697178176e-01	1.7948448054580630e-02	-2.2438358752897313e-03	5.2377365647605038e-03	6.4085578221304675e-03	8.4420154758257371e-03	-2.0334576536952700e-03
3                       	3.9150361785712867e-01	1.9270394042263561e-01	1.9879967743449306e-01	-3.3381474346417400e-01	-2.1467338900179231e-01	-1.1914135446238168e-01	-4.7766017269705308e-02	-3.0478685059287351e-03	4.5719233266246617e-03	6.8299439198776738e-03	7.9868952865634977e-03	-1.1569513666858250e-03
4                       	3.1740946527799629e-01	1.5550574597336458e-01	1.6190371930463174e-01	-3.3275668279454118e-01	-2.3124663695906747e-01	-1.0151004583547371e-01	-6.4868295561796879e-02	-3.1989866656335869e-03	4.2853302562295033e-03	6.5442014858500845e-03	7.5574309991545451e-03	-1.0132295133044613e-03
5                       	3.1961876195354860e-01	1.5630775997203089e-01	1.6331100198151774e-01	-3.6642770108132433e-01	-2.4775924690007411e-01	-1.1866845418125022e-01	-6.4545396359411950e-02	-3.5016210047434252e-03	4.4779128557118734e-03	7.4004554161877546e-03	8.1781405638057508e-03	-7.7768514761799592e-04
6                       	3.4696656149077099e-01	1.6947531344115896e-01	1.7749124804961203e-01	-3.9891834128807463e-01	-2.5888315215967661e-01	-1.4003518912839805e-01	-5.9423981515639268e-02	-4.0079673042265366e-03	4.9070644469704078e-03	8.7766387941476311e-03	9.2953838440442225e-03	-5.1874504989659221e-04
7                       	3.7762527671486873e-01	1.8423920910504146e-01	1.9338606760982724e-01	-4.1590961134337046e-01	-2.6097039369044350e-01	-1.5493921765292695e-01	-5.3015588018758289e-02	-4.5734292523928822e-03	5.3709026997555602e-03	1.0226331534725859e-02	1.0484068467118489e-02	-2.5773693239263071e-04
8                       	4.0289622660647706e-01	1.9639824639685108e-01	2.0649798020962598e-01	-4.1174857397498638e-01	-2.5464358258043807e-01	-1.5710499139454831e-01	-4.8769295592944871e-02	-5.0498669063874574e-03	5.6595920754412112e-03	1.1213159554338518e-02	1.1266171852610469e-02	-5.3012298271952452e-05
9                       	4.2068034848927000e-01	2.0501705538076895e-01	2.1566329310850102e-01	-3.8661459755238492e-01	-2.4063277900789518e-01	-1.4598181854448972e-01	-4.7325480231702743e-02	-5.3231188638660316e-03	5.7668692741019122e-03	1.1633897262184575e-02	1.1583817905194199e-02	5.0079356990375486e-05
10                      	4.3226333262856903e-01	2.1073062083692382e-01	2.2153271179164521e-01	-3.4679494623723206e-01	-2.2271331371129080e-01	-1.2408163252594123e-01	-4.9315840592674798e-02	-5.4010454773607006e-03	5.7410862896892130e-03	1.1601698280492668e-02	1.1541935429935545e-02	5.9762850557120424e-05
11                      	4.3971787929411110e-01	2.1449564345241051e-01	2.2522223584170056e-01	-3.0312087818765282e-01	-2.0473976622257670e-01	-9.8381111965076096e-02	-5.3179327128750294e-02	-5.3632961946450172e-03	5.5110454170564701e-03	1.1275299800433130e-02	1.1148695317273036e-02	1.2660448316009537e-04
12                      	4.4386153778866611e-01	2.1659325235128724e-01	2.2726828543737890e-01	-2.6252983623208137e-01	-1.8883640065122534e-01	-7.3693435580856032e-02	-5.7571482535184640e-02	-5.3375165430458414e-03	5.2074419741499726e-03	1.0920249009333256e-02	1.0667566478816601e-02	2.5268253051665530e-04
13                      	4.4585291004858058e-01	2.1759898126626331e-01	2.2825392878231723e-01	-2.2820784926637419e-01	-1.7445860225929571e-01	-5.3749247007078498e-02	-6.0354677626108598e-02	-5.3274737580269564e-03	4.9033915864368661e-03	1.0659739720044732e-02	1.0233261446459231e-02	4.2647827358550049e-04
14                      	4.4571067430016881e-01	2.1755994546475160e-01	2.2815072883541723e-01	-2.0292635371560422e-01	-1.6254461065951759e-01	-4.0381743056086626e-02	-6.1081433801715490e-02	-5.2953916853328226e-03	4.6187671885551630e-03	1.0581070131449707e-02	9.9093022542800155e-03	6.7176787716969016e-04
15                      	4.4468140297046699e-01	2.1719209575640422e-01	2.2748930721406277e-01	-1.8597576170844538e-01	-1.5323720322360293e-01	-3.2738558484842445e-02	-6.0249322369380236e-02	-5.1486057288292822e-03	4.4093537570173459e-03	1.0468491672029527e-02	9.6435995930321105e-03	8.2489207899741747e-04
16                      	4.4351466576013299e-01	2.1680392653996194e-01	2.2671073922017104e-01	-1.7414800230659438e-01	-1.4599491129134351e-01	-2.8153091015250882e-02	-5.8920910138046317e-02	-4.9534063401045604e-03	4.3331229026711150e-03	1.0569397549703360e-02	9.6178216775227934e-03	9.5157587218056472e-04
17                      	4.4268848866171429e-01	2.1666298660911620e-01	2.2602550205259808e-01	-1.6234883053649751e-01	-1.3926738141577122e-01	-2.3081449120726297e-02	-5.8092966147522462e-02	-4.6812577217409390e-03	4.3012451899184945e-03	1.0824770968368149e-02	9.7136306741025698e-03	1.1111402942655798e-03
18                      	4.4189463283579244e-01	2.1657096886201677e-01	2.2532366397377571e-01	-1.4805753548267442e-01	-1.3190968129485472e-01	-1.6147854187819694e-02	-5.7880913553517509e-02	-4.3763475558794909e-03	4.3297643340982003e-03	1.1208943135976661e-02	9.9342359020865318e-03	1.2747072338901307e-03
19                      	4.4118146658902235e-01	2.1653425567659337e-01	2.2464721091242898e-01	-1.3044097131976684e-01	-1.2366812337434420e-01	-6.7728479454226519e-03	-5.8447637714460772e-02	-4.0564776179178108e-03	4.4340232815087768e-03	1.1499102152356250e-02	1.0183574357686902e-02	1.3155277946693489e-03
20                      	4.4097561193225077e-01	2.1671699978673176e-01	2.2425861214551901e-01	-1.0930783326187454e-01	-1.1453933344296889e-01	5.2315001810943600e-03	-5.9885416812031633e-02	-3.7708061793936139e-03	4.5809024937127031e-03	1.1756588813846393e-02	1.0459196900635900e-02	1.2973919132104935e-03
21                      	4.4104149839565959e-01	2.1684835944005815e-01	2.2419313895560145e-01	-8.4832206709708591e-02	-1.0402280634978417e-01	1.9190599640075585e-02	-6.1606702994929881e-02	-3.6723897577716417e-03	4.8234257325160132e-03	1.2096201567121318e-02	1.0871526516076670e-02	1.2246750510446450e-03
22                      	4.4113836596283190e-01	2.1680344082768024e-01	2.2433492513515163e-01	-5.9624034876275496e-02	-9.2754309133006821e-02	3.3130274256731332e-02	-6.2942291694869076e-02	-3.7657421537357024e-03	5.1476362759917170e-03	1.2619555047326741e-02	1.1457413799655087e-02	1.1621412476716525e-03
23                      	4.4103406512066473e-01	2.1650389304385734e-01	2.2453017207680739e-01	-3.6510240623732690e-02	-8.1281199849300378e-02	4.4770959225567689e-02	-6.3026079537434040e-02	-4.0131395164750326e-03	5.5246171067102542e-03	1.3511635285033673e-02	1.2280434749227090e-02	1.2312005358065816e-03
24                      	4.4036135484866196e-01	2.1587807028847922e-01	2.2448328456018274e-01	-1.3739831928537059e-02	-6.8915406265912915e-02	5.5175574337375854e-02	-6.2045490301644385e-02	-4.3026071358517578e-03	6.0519280720741555e-03	1.4845142118327662e-02	1.3474499131237987e-02	1.3706429870896757e-03
25                      	4.3934091810759224e-01	2.1502420519375315e-01	2.2431671291383909e-01	7.7303581482440010e-03	-5.7403958588209250e-02	6.5134316736453243e-02	-6.1269137662331247e-02	-4.6462538600429530e-03	6.8047452842099326e-03	1.6708629623025172e-02	1.5159060095722519e-02	1.5495695273026544e-03
26                      	4.3854872712035176e-01	2.1416290377754560e-01	2.2438582334280613e-01	2.6125321226544040e-02	-4.8572107571358394e-02	7.4697428797902435e-02	-6.1634768184630415e-02	-5.1114597826302649e-03	7.6325593640067489e-03	1.8891379891043558e-02	1.7078249309528528e-02	1.8131305815150295e-03
27                      	4.3821887591945563e-01	2.1346674085588888e-01	2.2475213506356675e-01	4.0123835958745205e-02	-4.2544902985341596e-02	8.2668738944086800e-02	-6.2606820964714191e-02	-5.6426971038389204e-03	8.4767125547504114e-03	2.0671971422316127e-02	1.8812698265908475e-02	1.8592731564076532e-03
28                      	4.3822171502806623e-01	2.1304507546000703e-01	2.2517663956805919e-01	4.7685396091830937e-02	-4.0022296772693165e-02	8.7707692864524109e-02	-6.3864994818608634e-02	-6.0657820540260974e-03	9.0783968089143772e-03	2.1837664819116021e-02	1.9997229218472388e-02	1.8404356006436334e-03
29                      	4.3827443345585138e-01	2.1281143420289189e-01	2.2546299925295951e-01	4.8126634937218277e-02	-4.1365888093791353e-02	8.9492523031009616e-02	-6.5429205562400491e-02	-6.3257825250338249e-03	9.3671661909024984e-03	2.2414698538009658e-02	2.0574515459907326e-02	1.8401830781023302e-03
30                      	4.3791736841237600e-01	2.1259756135758884e-01	2.2531980705478716e-01	4.4560427172613021e-02	-4.4655797079757302e-02	8.9216224252370330e-02	-6.6936010666063819e-02	-6.3611228485991591e-03	9.1549541248371370e-03	2.2115572219655297e-02	2.0212740234664784e-02	1.9028319849905110e-03
31                      	4.3712375789798580e-01	2.1232891516501248e-01	2.2479484273297332e-01	3.9695154630486736e-02	-4.7791277317847498e-02	8.7486431948334234e-02	-6.7638854633090870e-02	-6.2329637839804086e-03	8.4850315518221892e-03	2.1342035893184494e-02	1.9156049498414433e-02	2.1859863947700591e-03
32                      	4.3592280795234201e-01	2.1180609590158223e-01	2.2411671205075978e-01	3.4164390358539465e-02	-5.0197160662443105e-02	8.4361551020982570e-02	-6.7279355841712837e-02	-6.1553080745887648e-03	7.5506355695256671e-03	2.0440979679612472e-02	1.7771125409331900e-02	2.6698542702805689e-03
33                      	4.3426524806663092e-01	2.1103897872395827e-01	2.2322626934267262e-01	2.8819584332146049e-02	-5.2120201704871236e-02	8.0939786037017292e-02	-6.6529993870944271e-02	-6.0936453093571874e-03	6.5172320321808669e-03	1.9376372750416159e-02	1.6205418407388948e-02	3.1709543430272135e-03
34                      	4.3247522244915748e-01	2.1025375208482411e-01	2.2222147036433340e-01	2.6609899334405124e-02	-5.2738315632391161e-02	7.9348214966796282e-02	-6.6043265299593729e-02	-5.9838591397546438e-03	5.5285569986196865e-03	1.8118653091603626e-02	1.4587883544421499e-02	3.5307695471821264e-03
35                      	4.3114735325204390e-01	2.0974962799540120e-01	2.2139772525664272e-01	2.8640881378287911e-02	-5.1988597293323002e-02	8.0629478671610910e-02	-6.6309037982466956e-02	-5.8240486306207597e-03	4.5890574020888003e-03	1.6984825841717052e-02	1.3081470322947326e-02	3.9033555187697262e-03
36                      	4.3053350039754612e-01	2.0978216902228866e-01	2.2075133137525743e-01	3.3277637347736776e-02	-5.0135747930163260e-02	8.3413385277900029e-02	-6.6774566604031638e-02	-5.4845811764843910e-03	3.8676202637557390e-03	1.6036410025285542e-02	1.1885825276398509e-02	4.1505847488870311e-03
37                      	4.3047473437175093e-01	2.1004981251392763e-01	2.2042492185782334e-01	3.7061462151968032e-02	-4.8809948333251196e-02	8.5871410485219235e-02	-6.7340679409235216e-02	-5.1875546719478581e-03	3.4708130885069432e-03	1.5610303094634423e-02	1.1275964635824155e-02	4.3343384588102676e-03
38                      	4.3112871912178319e-01	2.1053537072838827e-01	2.2059334839339489e-01	3.7692174033756930e-02	-4.9362225136959287e-02	8.7054399170716223e-02	-6.8208312153837755e-02	-5.0289888325033049e-03	3.4775357180961467e-03	1.5824008999184354e-02	1.1389540217688324e-02	4.4344687814960307e-03
39                      	4.3271685367778318e-01	2.1129050697294535e-01	2.2142634670483782e-01	3.4829268312213703e-02	-5.1625299856345952e-02	8.6454568168559648e-02	-6.9039934012452800e-02	-5.0679198659462250e-03	3.8065812105511142e-03	1.6766696786123796e-02	1.2189929603613011e-02	4.5767671825107841e-03
40                      	4.3434996801965214e-01	2.1190925713358874e-01	2.2244071088606343e-01	3.0535729513477106e-02	-5.3914388736653884e-02	8.4450118250130990e-02	-6.9182253493392437e-02	-5.2657268762373579e-03	4.2509135802858847e-03	1.7858184454326707e-02	1.3180005807449239e-02	4.6781786468774698e-03
41                      	4.3449957338412026e-01	2.1167090450842130e-01	2.2282866887569897e-01	2.6949398899795286e-02	-5.5697963519148602e-02	8.2647362418943895e-02	-6.9172662969046256e-02	-5.5788821836388397e-03	4.8185062186883879e-03	1.8698185228360389e-02	1.4167598832868581e-02	4.5305863954918073e-03
42                      	4.3249154570349591e-01	2.1016404471376690e-01	2.2232750098972900e-01	2.5312080744619447e-02	-5.7367823760774844e-02	8.2679904505394308e-02	-7.0023864133084576e-02	-6.0817281379810587e-03	5.5586882979213447e-03	1.9507368487909151e-02	1.5312372541875920e-02	4.1949959460332300e-03
43                      	4.2878586109161693e-01	2.0769349812299931e-01	2.2109236296861762e-01	2.6386862355818382e-02	-5.8277707579296012e-02	8.4664569935114398e-02	-7.1471138757205205e-02	-6.6994324228091522e-03	6.1164350339217473e-03	2.0148785046202312e-02	1.6190827557022905e-02	3.9579574891794086e-03
44                      	4.2405077192949792e-01	2.0481354954590525e-01	2.1923722238359267e-01	2.9698797066119560e-02	-5.7353228593247291e-02	8.7052025659366844e-02	-7.2202627126307067e-02	-7.2118364188437124e-03	6.4518884353132050e-03	2.0237442307069690e-02	1.6570609588848050e-02	3.6668327182216411e-03
45                      	4.1843824532803237e-01	2.0167829468854975e-01	2.1675995063948264e-01	3.5174097999628638e-02	-5.3927600122882738e-02	8.9101698122511383e-02	-7.1514649122697060e-02	-7.5408279754664454e-03	6.6924641141982051e-03	1.9776114653580569e-02	1.6580521440988490e-02	3.1955932125920794e-03
46                      	4.1263844291734930e-01	1.9857971228148255e-01	2.1405873063586678e-01	4.3629196673298898e-02	-4.7180342396734187e-02	9.0809539070033085e-02	-6.8994940733383636e-02	-7.7395091771921129e-03	6.7374785286540666e-03	1.9208369303665301e-02	1.6341663180486719e-02	2.8667061231785842e-03
47                      	4.0758285871669658e-01	1.9601273994917096e-01	2.1157011876752560e-01	5.1714326692315495e-02	-3.9412292553631816e-02	9.1126619245947310e-02	-6.5269455899789566e-02	-7.7786894091773336e-03	6.4914128817822854e-03	1.8419038757744269e-02	1.5700932260654419e-02	2.7181064970898481e-03
48                      	4.0295924721608306e-01	1.9379535155989364e-01	2.0916389565618942e-01	5.6052920183256791e-02	-3.2993754957543656e-02	8.9046675140800433e-02	-6.1020215049172044e-02	-7.6842720481479013e-03	5.9932012020100659e-03	1.7422922131459823e-02	1.4704662267739976e-02	2.7182598637198454e-03
49                      	3.9820142888559690e-01	1.9142017820595864e-01	2.0678125067963826e-01	5.5040163287890423e-02	-2.9007238439102405e-02	8.4047401726992821e-02	-5.6527320083047616e-02	-7.6805362368398038e-03	5.6221418326818148e-03	1.6590993408322541e-02	1.3917638536843085e-02	2.6733548714794556e-03
50                      	3.9396413861344015e-01	1.8912975162169335e-01	2.0483438699174678e-01	4.9495705145359115e-02	-2.7059038893649169e-02	7.6554744039008291e-02	-5.1806891466328726e-02	-7.8523176850266961e-03	5.5793338195848424e-03	1.5818252873828535e-02	1.3488460256499111e-02	2.3297926173294257e-03
51                      	3.9075317125306458e-01	1.8716679647917375e-01	2.0358637477389080e-01	4.1237870088247579e-02	-2.6130976633951059e-02	6.7368846722198630e-02	-4.6749911678074844e-02	-8.2097891473585319e-03	5.6744856449758201e-03	1.5105754666716494e-02	1.3227362978334068e-02	1.8783916883824269e-03
52                      	3.8834563721685605e-01	1.8567280377425702e-01	2.0267283344259904e-01	3.2773369121099780e-02	-2.5490095945151687e-02	5.8263465066251463e-02	-4.1876780505701573e-02	-8.5000148341710102e-03	5.4002900847939309e-03	1.4403012384537174e-02	1.2601796277062519e-02	1.8012161074746564e-03
53                      	3.8609111555458397e-01	1.8453403298774942e-01	2.0155708256683458e-01	2.4207402476131040e-02	-2.5372361426120524e-02	4.9579763902251564e-02	-3.7476062664186044e-02	-8.5115247895425749e-03	4.5237162611396322e-03	1.3686940381642837e-02	1.1367186451961050e-02	2.3197539296817863e-03
54                      	3.8418649717280051e-01	1.8385490484804179e-01	2.0033159232475872e-01	1.5306379147560067e-02	-2.5821025260257369e-02	4.1127404407817439e-02	-3.3474214834037404e-02	-8.2383437383584807e-03	3.1796128486366957e-03	1.2868055542843690e-02	9.6136406200585407e-03	3.2544149227851497e-03
55                      	3.8298585373852556e-01	1.8371956255110661e-01	1.9926629118741898e-01	5.8705713282291650e-03	-2.6845872046074679e-02	3.2716443374303843e-02	-2.9781157710189261e-02	-7.7733643181561868e-03	1.7317725646354598e-03	1.1857553890067502e-02	7.6605495096692105e-03	4.1970043803982917e-03
56                      	3.8215255861773073e-01	1.8378705541397150e-01	1.9836550320375926e-01	-3.5036889882725675e-03	-2.9123515545525266e-02	2.5619826557252694e-02	-2.7371671051388977e-02	-7.2892238948938726e-03	4.5400114974227462e-04	1.1072844156302422e-02	5.9904232278934853e-03	5.0824209284089364e-03
57                      	3.8123899678223899e-01	1.8361592962008233e-01	1.9762306716215666e-01	-1.1503214550825060e-02	-3.2351333893123321e-02	2.0848119342298261e-02	-2.6599726617710789e-02	-7.0035687710371646e-03	-5.1522131865550515e-04	1.1092868279351071e-02	5.0312128210200299e-03	6.0616554583310406e-03
58                      	3.8026223783559010e-01	1.8328668094181960e-01	1.9697555689377053e-01	-1.6680423720170864e-02	-3.5559513080516053e-02	1.8879089360345186e-02	-2.7219301220430620e-02	-6.8444379759754698e-03	-1.1036180301809057e-03	1.1837112623720256e-02	4.8149382816792229e-03	7.0221743420410335e-03
59                      	3.7881686794205505e-01	1.8264793827693274e-01	1.9616892966512234e-01	-1.9169971818626973e-02	-3.8673815395339248e-02	1.9503843576712275e-02	-2.9088829486025761e-02	-6.7604956940947938e-03	-1.3618592384001308e-03	1.3175825488175094e-02	5.2260535056874160e-03	7.9497719824876776e-03
60                      	3.7674512045884240e-01	1.8168212096214240e-01	1.9506299949670000e-01	-1.9595762520229341e-02	-4.1814208415751911e-02	2.2218445895522576e-02	-3.2016327155637243e-02	-6.6904392672787845e-03	-1.3486907212823796e-03	1.4748682529364234e-02	6.0256505433997371e-03	8.7230319859644950e-03
61                      	3.7385079838704044e-01	1.8031885657006064e-01	1.9353194181697980e-01	-1.7567069417480954e-02	-4.4473063707163973e-02	2.6905994289683023e-02	-3.5689528998423502e-02	-6.6065426234596042e-03	-1.1675297331977326e-03	1.6175768569754265e-02	6.9203545516793993e-03	9.2554140180748645e-03
62                      	3.7006264776981684e-01	1.7851379186560407e-01	1.9154885590421278e-01	-1.2999210738318915e-02	-4.6058594935770511e-02	3.3059384197451594e-02	-3.9558989566611052e-02	-6.5175320193043796e-03	-8.8054416761958090e-04	1.7134203126528181e-02	7.6865573956445095e-03	9.4476457308836706e-03
63                      	3.6581657481604829e-01	1.7650255388835590e-01	1.8931402092769237e-01	-7.1415379375299954e-03	-4.7443399490756169e-02	4.0301861553226175e-02	-4.3872630521991175e-02	-6.4057335196682323e-03	-4.6169854908675753e-04	1.7552053127478203e-02	8.3143280146523446e-03	9.2377251128258585e-03
64                      	3.6191583685787632e-01	1.7468542335401199e-01	1.8723041350386432e-01	-1.1946389403197871e-03	-4.8875498355672523e-02	4.7680859415352737e-02	-4.8278178885512633e-02	-6.2724950749261463e-03	1.1567775021462635e-04	1.7548827325683976e-02	8.8900914130566142e-03	8.6587359126273616e-03
65                      	3.5943746516562836e-01	1.7351523655082232e-01	1.8592222861480603e-01	4.0225329640670628e-03	-5.0081480251818231e-02	5.4104013215885288e-02	-5.2092746733851759e-02	-6.2034960319918477e-03	7.2659559348108461e-04	1.7466244937721181e-02	9.4597180623416741e-03	8.0065268753795066e-03
66                      	3.5864647188953652e-01	1.7309092161307124e-01	1.8555555027646528e-01	9.2056241482933975e-03	-5.0627508075464761e-02	5.9833132223758162e-02	-5.5230320149611462e-02	-6.2323143316970388e-03	1.3358069969720515e-03	1.7534224824265837e-02	1.0102919409104971e-02	7.4313054151608675e-03
67                      	3.5897352363251872e-01	1.7315991156444860e-01	1.8581361206807009e-01	1.5833538466541425e-02	-4.9425549686650333e-02	6.5259088153191758e-02	-5.7342318919921045e-02	-6.3268502518107556e-03	1.9228004925780956e-03	1.7687808372552703e-02	1.0766704678854447e-02	6.9211036936982556e-03
68                      	3.5966111469404533e-01	1.7331913594470541e-01	1.8634197874933989e-01	2.5051774203152310e-02	-4.6077679588848466e-02	7.1129453792000780e-02	-5.8603566690424623e-02	-6.5114214023172575e-03	2.3935071473090621e-03	1.7949719735973813e-02	1.1368367015295967e-02	6.5813527206778442e-03
69                      	3.6010956547803274e-01	1.7323577338615415e-01	1.8687379209187860e-01	3.6971654290956280e-02	-4.1311966233927855e-02	7.8283620524884120e-02	-5.9797793379405995e-02	-6.8190093528622125e-03	2.7244746764417448e-03	1.8473802179373010e-02	1.1961375766128251e-02	6.5124264132447596e-03
70                      	3.5988977767901487e-01	1.7278598909740894e-01	1.8710378858160590e-01	4.9785782548175998e-02	-3.6678517995103868e-02	8.6464300543279873e-02	-6.1571409269191871e-02	-7.1588997420984797e-03	2.9210813776716343e-03	1.9054261124159557e-02	1.2448211939751411e-02	6.6060491844081443e-03
71                      	3.5906672094321762e-01	1.7202012242286585e-01	1.8704659852035180e-01	6.0827285927343495e-02	-3.3600053457845586e-02	9.4427339385189074e-02	-6.4013696421517330e-02	-7.5132380487429760e-03	3.0363303273904410e-03	1.9831144627204682e-02	1.2951902640992783e-02	6.8792419862118998e-03
72                      	3.5767033489576755e-01	1.7092795780970668e-01	1.8674237708606087e-01	6.9094021512927997e-02	-3.2501105216149268e-02	1.0159512672907726e-01	-6.7048115972613259e-02	-7.9072096381770877e-03	3.2207540903381217e-03	2.0756732758453737e-02	1.3599120469564990e-02	7.1576122888887470e-03
73                      	3.5568054135012744e-01	1.6955683915843772e-01	1.8612370219168972e-01	7.5176391100325896e-02	-3.2504494976299925e-02	1.0768088607662582e-01	-7.0092690526462872e-02	-8.2834315166260032e-03	3.5297336074718959e-03	2.1525980388086119e-02	1.4292723801514954e-02	7.2332565865711636e-03
74                      	3.5338524739395155e-01	1.6808515163659316e-01	1.8530009575735840e-01	8.0415588359858015e-02	-3.2500446303011250e-02	1.1291603466286927e-01	-7.2708240482940265e-02	-8.6074720603826187e-03	3.9535688142865013e-03	2.1875200180618920e-02	1.4891168904595962e-02	6.9840312760229587e-03
75                      	3.5087180831616910e-01	1.6662695049759793e-01	1.8424485781857119e-01	8.5336737514705677e-02	-3.2396977198350385e-02	1.1773371471305605e-01	-7.5065345955703230e-02	-8.8089536604866406e-03	4.4002104269204225e-03	2.1441184098843134e-02	1.5120802476341989e-02	6.3203816225011443e-03
76                      	3.4847736765184423e-01	1.6545703299628434e-01	1.8302033465555992e-01	9.1031659762484798e-02	-3.1557188129437468e-02	1.2258884789192226e-01	-7.7073018010679867e-02	-8.7816508296377771e-03	4.7801887537239915e-03	1.9981771793089444e-02	1.4771074650268714e-02	5.2106971428207312e-03
77                      	3.4620939489472513e-01	1.6458370177670506e-01	1.8162569311802010e-01	9.7063451885947213e-02	-3.0324641481848803e-02	1.2738809336779602e-01	-7.8856367424822410e-02	-8.5209956706575104e-03	4.9229562979155378e-03	1.7834078206623947e-02	1.3839995401227510e-02	3.9940828053964365e-03
78                      	3.4396516784917702e-01	1.6398396840660567e-01	1.7998119944257132e-01	1.0357372436604156e-01	-2.8463029261755448e-02	1.3203675362779702e-01	-8.0249891444776233e-02	-7.9986155179828187e-03	4.7171071638980764e-03	1.5525835643560004e-02	1.2480024985678078e-02	3.0458106578819255e-03
79                      	3.4170053552303842e-01	1.6355651779335811e-01	1.7814401772968030e-01	1.1161381237586139e-01	-2.5195421390358595e-02	1.3680923376622001e-01	-8.1002327578289290e-02	-7.2937499681610986e-03	4.1546389222149194e-03	1.3404599470572969e-02	1.0856938657501404e-02	2.5476608130715647e-03
80                      	3.3940695876673532e-01	1.6325388041680819e-01	1.7615307834992711e-01	1.2001551413424383e-01	-2.1060751780670670e-02	1.4107626591491451e-01	-8.1068508847792584e-02	-6.4495989665594774e-03	3.3259948746039228e-03	1.1633941368870082e-02	9.1429655590389639e-03	2.4909758098311183e-03
